0, physics, 2017
1, cs50, 1, -1, 1, math23a, 1, 1, 1, ec10a, -1, -1, -1, ls1a, 1, 1, -1
2, cs51, 1, 1, 1, math23b, 1, 1, 1, ec10b, 1, 1, 1, ls1b, 1, 1, 1
0, neurobiology, 2015
1, ls1a, 1, 1, 1, math21a, 1, 1, 1, expos20, -1, -1, 1, gov20, 1, 1, 1
2, ls1b, 1, 1, 1, chem20, 1, 1, 1, ec1400, 1, 1, 1, math21b, 1, 1, 1
3, mcb80, 1, 1, 1, oeb57, 1, 1, 1, music51a, 1, 1, 1, sls20, 1, 1, 1
4, ec1011b, 1, 1, 1, cs124, 1, 1, 1, math123, 1, 1, 1, oeb55, 1, 1, 1
0, applied math, 2016
1, cs50, 1, 1, 1, math23a, 1, 1, -1, ec1010a, -1, -1, 1, expos20, -1, -1, 1
2, cs51, 1, -1, 1, math23b, 1, 1, 1, ec1011b, -1, 1, 1, ec1400, 1, 1, 1
3, cs61, 1, 1, 1, math154, 1, 1, 1, sls20, 1, 1, 1, cs105, 1, 1, 1
4, es50, 1, 1, 1, ec1126, 1, 1, 1, expos40, 1, 1, 1, math123, 1, -1, -1
0, physics, 2014
1, ls1a, -1, -1, 1, math1a, 1, -1, 1, gov20, 1, 1, -1, er18, 1, 1, 1
2, math1b, 1, 1, -1, ls1b, -1, -1, 1, stat104, 1, 1, -1, cb105, -1, 1, 1
3, phys15a, 1, 1, 1, math21a, 1, 1, -1, sociol10, 1, 1, -1, stat110, 1, 1, -1
4, phys15b, 1, 1, 1, math21b, 1, -1, 1, psy15, 1, 1, -1, math114, 1, 1, -1
5, phys15c, 1, 1, 1, am104, 1, 1, 1, cs121, 1, -1, 1, ae15, 1, 1, -1,
6, phys143a, 1, 1, 1, am105, 1, -1, 1, am121, 1, -1, 1, cs124, 1, 1, -1,
7, phys143b, 1, 1, 1, phys151, 1, -1, 1, sls20, -1, -1, -1, math136, 1, 1, -1
8, phys181, 1, 1, 1, phys191r, 1, 1, 1, math123, 1, 1, -1, es50, 1, 1, -1
0, physics, 2014
1, phys16, -1, 1, -1, math23a, -1, -1, 1, cb22, stat110, 1, -1, -1
2, phys15b, 1, 1, 1, math23b, -1, -1, 1, cs50, sls19, 1, -1, -1
3, phys15c, 1, -1, 1, am104, -1, -1, 1, phys151, -1, 1, -1, music1a, 1, -1, -1
4, phys143a, 1, -1, 1, am105, 1, 1, 1, oeb50, -1, -1, 1, spu17, 1, -1, -1
5, phys143b, 1, 1, 1, phys125, 1, -1, -1, ae57, -1, 1, -1, ec1011a, 1, -1, -1
6, phys167, 1, -1, -1, phys181, 1, -1, 1, er30, 1, 1, 1, chem20, 1, -1, -1
7, phys191r, -1, 1, -1, phys210, 1, -1, -1, cs50, -1, -1, 1, hist60a, 1, -1, -1
8, es109, 1, -1, 1, phys145, 1, 1, 1, stat186, 1, -1, -1, apmth105, 1, -1, -1
0, computer science, 2015
1, math1a, -1, 1, -1, cs50, ls1a, 1, -1, 1, expos10, 1, -1, -1
2, math1b, 1, 1, 1, cs51, -1, -1, 1, sls20, 1, -1, -1, expos20, 1, -1, -1
3, cs20, 1, -1, -1, cs61, 1, -1, 1, ec10a, 1, 1, 1, music1a, 1, -1, -1
4, am21b, -1, 1, -1, stat111, 1, 1, 1, spu19, 1, -1, -1, gov30, 1, -1, -1 
5, cs121, 1, -1, -1, cs141, 1, -1, 1, ae57, math114, -1, 1, -1, 
6, cs124, 1, 1, 1, cs171, -1, 1, -1, cb22, stat104, 1, -1, -1
0, computer science, 2015
1, apmth21a, 1, -1, -1, cs50, 1, -1, 1, expo20, -1, -1, 1, gov20, -1, 1, -1
2, apmth21b, 1, 1, 1, cs51, -1, -1, 1, es50, -1, 1, -1, sls20, 1, -1, -1
3, cs20, 1, -1, -1, cs61, 1, 1, 1, cs121, -1, -1, 1, er18, 1, -1, -1
4, cs124, 1, -1, 1, psy15, -1, -1, 1, spu26, 1, 1, 1, sw27, 1, -1, -1 
5, cs141, 1, -1, -1, cs189r, 1, -1, 1, math122, -1, -1, 1, ves40a, -1, 1, -1, 
6, cs146, 1, -1, -1, cs181, 1, 1, 1, math123, 1, -1, -1, astron300, -1, -1, 1
0, computer science, 2015
1, math25a, 1, 1, 1, cs50, 1, -1, -1, ec10a, -1, -1, 1, spansh C, 1, -1, -1
2, math25b, 1, -1, -1, cs51, 1, -1, 1, ec10b, 1, 1, 1, expos20, 1, -1, -1
3, cs121, 1, -1, -1, cs61, 1, 1, 1, am106, -1, -1, 1, sls20, 1, -1, -1
4, am107, 1, 1, 1, cs124, 1, -1, -1, er22, -1, 1, -1, cb35, 1, -1, -1
5, cs141, -1, 1, -1, cs127, 1, -1, -1, cs175, 1, 1, 1, sw12, 1, -1, -1
6, cs152, 1, 1, 1, cs165, -1, -1, 1, sociol166, 1, -1, 1, ec1059, 1, -1, -1 
0, physics, 2014
1, math1b, -1, -1, -1, er32, 1, 1, 1, aframer142, -1, -1, 1, ec10a, 1, -1, -1
2, phys15a, 1, -1, 1, math21a, 1, -1, -1, ec10b, 1, 1, 1, cb56, -1, -1, -1
3, phys15b, 1, -1, 1, math21b, -1, -1, 1, math114, cs50, 1, 1, 1
4, phys15c, 1, 1, 1, ae44, 1, -1, -1, es50, 1, -1, 1, physics153, 1, -1, -1 
5, phys143a, 1, 1, 1, eastd121, 1, -1, -1, ane126, -1, -1, 1, math122, 1, -1, -1 
6, phys125, -1, 1, -1, astro16, 1, -1, -1, cb26, 1, -1, -1, sas123, 1, -1, 1
7, chem17, -1, -1, 1, cs50, 1, -1, -1, cb35, 1, 1, 1, literature153, 1, -1, 1 
8, phys181, -1, 1, -1, stat111, 1, -1, 1, music2, -1, -1, 1, folkmyth174, 1, 1, 1
0, statistics, 2017
1, math1b, 1, 1, 1, cb19, 1, 1, -1, stat104, -1, 1, -1, sls20, 1, 1, 1
2, expos20, -1, -1, -1, soc26, 1, 1, -1, math21a, 1, 1, -1, usw29, 1, -1, -1
0, statistics, 2014
1, stat104, 1, -1, 1, math1a, 1, 1, 1, cs50, 1, 1, 1, cb22, -1, 1, -1
2, math1b, 1, 1, -1, stat107, 1, 1, 1, cs51, 1, 1, -1, cb35, -1, 1, 1
3, stat110, 1, 1, 1, ec10a, 1, 1, -1, sociol10, -1, 1, 1, gov20, 1, 1, -1
4, phys15b, 1, 1, 1, ec10b, 1, -1, 1, stat111, -1, -1, -1, math114, 1, 1, -1
5, phys15c, 1, 1, 1, stat160, -1, 1, 1, cs121, -1, -1, -1, ae15, 1, 1, -1
6, stat170, -1, 1, 1, latinAa, 1, -1, 1, aframer10, 1, -1, 1, cs124, -1, -1, -1
7, stat131, 1, 1, 1, phys151, 1, -1, 1, er18, -1, -1, -1, er13, 1, 1, -1
8, stat186, -1, 1, -1, stat171, 1, -1, 1, gov30, 1, 1, -1, es50, -1, 1, -1
0, economics, 2016
1, stat104, 1, 1, 1, math1a, -1, -1, 1, ec10a, 1, 1, 1, cb22, -1, 1, -1
2, math1b, 1, 1, -1, stat107, 1, 1, 1, ec10b, 1, -1, -1, cb35, -1, 1, 1
3, stat110, 1, 1, 1, ec10lla, 1, 1, -1, latinAa, -1, -1, 1, gov20, 1, 1, -1
4, ec980b, 1, 1, 1, ec1011b, 1, -1, 1, ec980y, -1, -1, -1, latinAb, 1, 1, -1
0, applied mathematics, 2015
1, stat104, 1, 1, 1, math1a, -1, -1, 1, ec10a, 1, 1, 1, cb22, -1, 1, -1
2, math1b, 1, 1, -1, stat107, 1, 1, 1, ec10b, 1, -1, -1, cb35, -1, 1, 1
3, stat110, 1, 1, 1, ec10lla, 1, 1, -1, latinAa, -1, -1, 1, gov20, 1, 1, -1
4, ec980b, 1, 1, 1, ec1011b, 1, -1, 1, ec980y, -1, -1, -1, latinAb, 1, 1, -1
5, math113, 1, 1, 1, gov20, -1, 1, 1, cs50, -1, -1, -1, ae15, 1, 1, -1
6, stat170, -1, 1, 1, stat111, 1, -1, 1, math129, 1, -1, 1, cs51, -1, -1, -1
0, applied mathematics, 2016
1, stat104, 1, 1, 1, math1a, 1, 1, -1, ec10a, -1, -1, -1, cb22, -1, 1, -1
2, math1b, 1, 1, -1, stat107, -1, 1, 1, ec10b, 1, -1, -1, cb35, -1, 1, 1
3, stat110, -1, 1, 1, ec10lla, 1, 1, -1, latinAa, -1, -1, 1, gov20, 1, 1, -1
4, ec980b, 1, 1, 1, ec1011b, 1, -1, 1, ec980y, -1, -1, -1, latinAb, 1, 1, -1
0, statistics, 2014
1, stat104, -1, -1, -1, math23a, 1, 1, 1, cs50, 1, 1, 1, cb22, -1, 1, -1
2, math23b, 1, 1, -1, stat107, 1, -1, 1, cs51, 1, 1, -1, ae15, 1, 1, 1
3, stat110, 1, 1, 1, ec10a, 1, 1, -1, sociol10, -1, 1, 1, gov20, 1, 1, -1
4, phys15b, 1, 1, 1, ec10b, 1, -1, 1, stat111, -1, 1, -1, math114, 1, 1, -1
5, phys15c, 1, 1, 1, stat186, -1, 1, 1, cs121, 1, -1, -1, cb35, 1, 1, -1
6, stat170, -1, 1, 1, ec1011b, 1, -1, 1, aframer10, 1, -1, 1, cs124, -1, -1, -1
7, stat131, 1, 1, 1, phys151, 1, -1, 1, er18, -1, -1, -1, er13, 1, 1, -1
8, stat160, -1, 1, -1, stat171, 1, 1, 1, gov30, 1, 1, -1, es50, -1, 1, -1
0, computer science, 2014
1, stat104, -1, -1, -1, math23a, 1, 1, 1, cs50, 1, 1, 1, ae15, -1, 1, -1
2, math23b, 1, 1, -1, stat107, 1, -1, 1, cs51, 1, 1, -1, cb35, 1, 1, 1
3, stat110, 1, 1, 1, ec10a, 1, 1, -1, cs121, -1, 1, 1, cs20, 1, 1, -1
4, cs165, 1, 1, 1, ec10b, 1, -1, 1, cs124, -1, 1, -1, math114, 1, 1, -1
5, cs127, -1, 1, 1, math113, -1, 1, 1, cs105, 1, -1, -1, cb22, 1, 1, -1
6, spu17, -1, 1, 1, ec1011b, 1, -1, 1, spu19, 1, -1, 1, cs165, -1, -1, -1
7, stat160, 1, 1, 1, spu12, 1, -1, 1, cs285, -1, -1, -1, cs182, 1, 1, -1
8, stat1862, -1, 1, -1, stat171, 1, 1, 1, math129, 1, 1, -1, cs280r, -1, 1, -1
0, computer science, 2015
1, stat102, -1, 1, -1, math23a, 1, 1, -1, cs50, -1, -1, -1, ae11, 1, 1, -1
2, math23b, 1, 1, -1, stat107, 1, -1, 1, cs51, 1, 1, 1, cb35, -1, -1, 1
3, stat110, 1, 1, 1, ec10a, 1, 1, -1, cs121, -1, 1, 1, cs20, 1, 1, -1
4, cs165, -1, 1, 1, ec10b, 1, 1, 1, cs124, 1, 1, -1, er30, 1, 1, -1
5, cs127, -1, 1, 1, ec1011a, -1, 1, 1, cs105, 1, -1, -1, er22, -1, 1, -1
6, spu12, -1, 1, 1, ec1011b, 1, -1, 1, spu19, 1, -1, 1, cs165, 1, -1, -1
0, applied mathematics, 2015
1, stat104, 1, -1, 1, math1a, -1, -1, 1, ec10a, 1, -1, 1, er22, -1, 1, -1
2, math1b, 1, -1, -1, stat107, 1, 1, 1, ec10b, 1, 1, -1, er28, -1, 1, 1
3, stat110, 1, 1, 1, ec10lla, 1, 1, -1, latinAa, -1, -1, 1, gov20, 1, 1, -1
4, ec980b, 1, 1, 1, ec1011b, 1, -1, 1, math155r, 1, -1, -1, spu12, 1, 1, -1
5, math113, 1, -1, 1, gov20, -1, 1, 1, cs50, -1, -1, -1, ae15, 1, 1, -1
6, stat170, -1, 1, -1, stat111, -1, -1, 1, math388, 1, -1, 1, cs51, -1, -1, -1
0, economics, 2014
1, stat104, 1, -1, 1, math25a, 1, 1, 1, cs50, 1, 1, 1, cb22, -1, 1, -1
2, math25b, 1, 1, -1, stat107, 1, 1, 1, cs51, 1, 1, -1, cb35, -1, 1, 1
3, stat110, 1, 1, 1, ec10a, 1, 1, -1, sociol10, -1, 1, 1, gov20, 1, 1, -1
4, ec980b, 1, 1, 1, ec10b, 1, -1, 1, stat111, -1, -1, -1, math114, 1, 1, -1
5, phys15c, 1, 1, 1, stat160, -1, 1, 1, cs121, -1, -1, -1, ec1011a, 1, 1, -1
6, stat170, -1, 1, 1, spu19, 1, -1, 1, ec1011b, 1, -1, 1, cs124, -1, -1, -1
7, stat131, 1, 1, 1, phys151, 1, -1, 1, er18, -1, -1, -1, er13, 1, 1, -1
8, stat186, -1, 1, -1, stat171, 1, -1, 1, gov30, 1, 1, -1, es50, -1, 1, -1
0, economics, 2014
1, stat104, -1, -1, 1, math25a, 1, 1, 1, cs50, 1, 1, 1, cb22, -1, 1, -1
2, math25b, 1, 1, -1, stat107, 1, -1, -1, cs51, 1, 1, 1, cb35, 1, -1, -1
3, stat110, 1, -1, 1, ec10a, 1, 1, -1, sociol10, -1, 1, 1, gov20, 1, 1, -1
4, ec980b, 1, 1, 1, ec10b, 1, -1, 1, stat111, -1, -1, -1, math114, 1, 1, -1
5, phys15c, 1, 1, 1, stat160, 1, 1, 1, cs121, -1, 1, -1, ec1011a, 1, 1, -1
6, stat170, -1, 1, 1, spu19, 1, 1, 1, ec1011b, 1, -1, 1, cs124, 1, 1, 1
7, stat131, 1, 1, 1, phys151, 1, 1, 1, er18, 1, 1, -1, er13, 1, 1, -1
8, stat186, -1, 1, -1, stat171, 1, 1, 1, gov30, 1, 1, -1, es50, -1, 1, -1
0, economics, 2014
1, oeb10, 1, 1, 1, math21a, 1, 1, 1, cs50, 1, 1, 1, cb22, -1, 1, -1
2, math21b, 1, 1, -1, spu12, 1, -1, -1, cs51, -1, -1, -1, cb35, 1, -1, -1
3, stat110, -1, -1, -1, ec10a, -1, -1, -1, english40, -1, 1, 1, gov20, 1, 1, -1
4, ec980b, 1, 1, 1, ec10b, 1, -1, 1, stat111, -1, -1, -1, math114, 1, 1, -1
5, phys15c, 1, 1, 1, stat160, 1, 1, 1, cs121, -1, 1, -1, ec1011a, 1, 1, -1
6, stat170, -1, 1, 1, spu19, 1, 1, 1, ec1011b, 1, -1, 1, cs124, 1, 1, 1
7, stat131, 1, 1, 1, phys151, -1, -1, -1, er18, 1, 1, -1, er13, 1, 1, -1
8, stat186, -1, 1, 1, stat171, -1, -1, -1, gov30, 1, 1, -1, es50, -1, 1, -1